100
-2137.5
110
[[-0.99890164, -0.02642936,  0.12720856,  0.34531722, -0.00163468,  0.31152458, -0.41446328,  0.31689947],
 [-0.41007451, -0.09135541,  1.18082983,  0.00370408,  0.26032955,  0.79530426,  0.2979275, -0.10381715],
 [ 0.58321076,  0.30322938,  0.00158848, -1.43678247, -0.1682759, -0.27939233,  0.81742277,  0.75566396],
 [-0.17945727,  0.50086239, -0.63335864,  1.0925356, -0.86495022,  0.1504628, -0.31940676, -0.18592383],
 [ 1.06278311, -1.47136015,  0.31247707, -0.36918081,  0.15930348, -0.58412151, -0.35550849,  0.88193146],
 [-0.9037614, -0.91126708,  0.0641401,  0.51356161, -1.31646136,  0.42160102,  0.26179703,  0.05255301],
 [ 0.67566408,  0.91343198,  0.80768857,  0.53082105, -1.0032897, -0.41158788,  1.12356493,  0.03714327],
 [-0.52889642,  0.47403886,  0.2366223 , -0.57721156,  1.30210837, -0.48366544, -0.6066208,  0.22312835],
 [-0.78245921, -0.4622235 , -0.31390494,  0.33982282,  0.99538816, -0.41809325,  0.12625424, -0.34052096],
 [-0.07830095, -0.13601856,  0.69456827, -0.24277814,  0.08868869, -0.28325257, -1.00416292,  0.89797642],
 [-0.08156837,  0.17726169, -0.35639493, -0.03559138,  0.46789886, -0.52131291,  0.71993941,  0.86863415],
 [ 0.86229851, -0.07556484, -0.83430328, -0.52518686, -0.81158396,  0.51152566,  0.12615104,  0.10145886],
 [ 0.03171662, -0.56336795,  0.54846608,  0.43452877, -0.96465733, -0.50099047,  0.68761346, -0.51024982],
 [ 0.2591428, -0.7613949, -0.55755017, -1.34553487, -0.10645641, -0.41949128, -1.10880346, -0.98247556]]

[[ 0.2213926,  0.19118946, -0.57374604, -0.72519678, -1.34988726,  0.81992639, -1.02210225,  0.67162442]]

[[-0.19373883,  0.56702172,  0.28155941, -0.51451951, -0.18564748, -0.05044038, -0.84428574,  1.27615995],
 [ 0.12479998, -0.25472025,  0.19443282, -0.22985578, -0.10151967,  0.3008185 , -0.57401379,  0.23648988],
 [ 0.375342  , -0.07476376,  0.18985169,  0.08147162, -0.12184843,  0.44675156, -0.09378306,  0.35206207],
 [ 0.5938868 ,  1.01740398, -0.19161705, -0.25472154,  0.07835263,  0.77702706, -0.02347655, -0.42859615],
 [-0.09267943,  0.2021186,  0.32919522,  0.06096452,  0.22687833, -0.32585705,  0.12995388, -0.20953285],
 [-0.14552573, -0.14162146, -0.08614894,  0.13408654, -0.2967584, -0.25249494,  0.47250187, -0.31637083],
 [ 0.19082391,  0.31105874,  1.2134179 ,  0.25785813, -0.17813579,  0.12542877, -0.98236517,  0.55795912],
 [ 0.28201311, -0.09418271, -0.00375414, -0.03285863, -0.12659941,  0.55053402, -0.15338408,  0.06229579]]

[[-0.04910793, -0.46175295,  0.66351793, -0.00842087, -0.01045711, -0.82472638, -0.17668577,  0.45949423]]

[[-0.51619722],
 [ 0.72517386],
 [-0.92192987],
 [ 0.56028464],
 [-0.3930873 ],
 [ 0.39533074],
 [-0.10956214],
 [-1.31047516]]

[[0.35883694]]