100
-3749.5
110
[[-7.78704894e-02,  7.03436550e-01, -5.41943075e-01,  5.90660872e-02,  3.23779995e-01,  6.41459660e-01, -6.62296030e-02,  7.54789883e-01],
 [ 2.52751426e-02, -1.22803337e-01, -6.41161358e-02,  1.33082859e-01,  2.82650337e-01,  2.86211326e-01,  6.24562849e-01, -1.22912729e-01],
 [ 3.21428384e-01, -2.32341607e+00,  4.44053423e-01, -7.32683065e-03, -1.22324577e-01, -4.53317710e-01,  1.21404942e+00, -3.79328992e-01],
 [ 2.79198691e-01,  3.39545751e-01, -2.78873105e-01, -7.35498892e-01, -5.19055716e-01,  3.87970005e-01, -2.74660620e-01, -9.73380933e-03],
 [ 1.45777048e-01, -6.35876024e-01, -8.46442750e-03,  2.59667633e-01, -2.39438862e-01,  8.17300631e-02,  3.21645900e-01,  4.86251100e-01],
 [-7.54890996e-01,  3.35092801e-03,  1.77297891e-01,  6.79802735e-01, -1.58390874e-01, -2.24099178e-01,  5.95241006e-01, -2.12332380e-01],
 [ 4.89193754e-01,  3.79118999e-01, -9.12705014e-03, -5.00780330e-01,  2.55202679e-01,  5.76871903e-01, -3.54901350e-01, -5.35152282e-01],
 [-3.00096963e-01, -2.08063626e-01, -9.01341706e-02,  2.47267538e-01,  4.16795297e-01,  2.83514275e-01, -4.53539022e-01,  4.39179127e-01],
 [-6.71142301e-01,  4.09978340e-01, -5.97909696e-01, -7.73314460e-02,  1.10398899e-01, -6.72250735e-01, -5.88152898e-01,  2.15550003e-01],
 [ 7.59553950e-04, -7.90306566e-02, -2.25641837e-01, -1.05190618e+00, -9.29412714e-02, -7.15197194e-01,  5.34395607e-02, -2.13285306e-01],
 [ 3.38524035e-02,  1.72579961e-01,  2.59432950e-01,  7.19164035e-02,  2.15644578e-01,  1.03992551e-01,  4.44822325e-01,  7.65531866e-02],
 [-4.11555872e-02,  3.57406763e-01,  4.89843967e-01,  3.15558706e-01,  1.59333527e-01,  2.28637202e-02, -1.13705990e-01, -2.25089550e-01],
 [ 3.06563331e-01, -3.59499027e-01,  3.12912134e-01, -4.74460428e-01, -7.51522572e-02,  4.77677081e-02,  3.44444619e-01, -1.08006484e-01],
 [-3.44096242e-01, -4.65729202e-01,  3.05418241e-02, -8.13284199e-02, -3.18910169e-01, -5.62452984e-01,  4.38404270e-01,  5.37203153e-01]]

[[-0.05885094,  0.06734668, -0.06816518,  0.19222259,  0.17198179,  0.05694276, -0.45574994, -0.16445985]]

[[-0.13340345, -0.15992607, -0.07469051, -0.33755277,  0.0833331 , -0.13437458,  0.06507471, -0.20599928],
 [-0.46535518, -0.17291228,  1.24293866,  1.53130055,  0.22573003,  0.20575754, -0.74354742, -0.31527576],
 [ 0.73853823, -0.16050061, -0.08325394, -0.0344411 , -0.14286194, -0.37717893, -0.22549548,  1.22000064],
 [ 1.05084052,  0.31484662, -0.31606914,  1.00696986, -0.27531648,  0.00996249,  1.20247813,  0.10143189],
 [ 0.31433481, -0.19645124, -0.26870239, -0.13576664, -0.13962299,  0.01508426, -0.13531617,  0.34002569],
 [ 0.00801581, -0.01974096, -0.00332837,  0.22710569,  0.04932704,  0.16205705, -0.03741272,  0.29989492],
 [-0.46645622, -0.29064449,  0.2327571 , -0.34805094,  0.85231363, -1.2057999 , -0.81198737,  0.13118399],
 [-0.63305683, -0.0526229 ,  0.0277513 ,  0.81163094, -0.00670676, -0.47471504,  1.278839  , -0.00367205]]

[[ 0.37958293, -0.02722374, -0.1031143 , -0.07030145, -0.24342459, -0.2642504 ,  0.050447  ,  0.32812476]]

[[-0.11612811],
 [-0.55433543],
 [ 0.3392963 ],
 [-0.00321661],
 [-0.23042137],
 [ 0.16959608],
 [-0.14538276],
 [ 0.10552751]]

[[-0.00107298]]

